1 0 1 0 2.7443528 EXP
1 0 1 1 1.6849744 EXP
1 0 1 2 0.9993484 EXP
1 0 1 3 0.5570489 EXP
1 0 1 4 0.5259634 EXP
1 0 1 5 0.5072474 EXP
1 0 1 6 0.4984189 EXP
1 0 1 7 0.2854565 EXP
1 0 1 8 0.2594548 EXP
2 0 1 0 2.6758964 EXP
2 0 1 1 2.6758964 EXP
2 0 1 2 0.75068295 EXP
2 0 1 3 0.28130606 EXP
2 0 1 4 0.26103854 EXP
2 0 1 5 0.24907494 EXP
2 0 1 6 0.2434952 EXP
3 0 1 0 1.1219306 EXP
3 0 1 1 1.1073902 EXP
3 0 1 2 1.0823499 EXP
3 0 1 3 0.7244997 EXP
3 0 1 4 0.69144857 EXP
3 0 1 5 0.655799 EXP
3 0 1 6 0.64934915 EXP
3 0 1 7 0.6341222 EXP
3 0 1 8 0.6238421 EXP
4 0 1 0 0.25228187 EXP
4 0 1 1 0.236262 EXP
4 0 1 2 0.22994289 EXP
4 0 1 3 0.22994289 EXP
4 0 1 4 0.22985992 EXP
4 0 1 5 0.22794694 EXP
4 0 1 6 0.2165205 EXP
4 0 1 7 0.20440322 EXP
4 0 1 8 0.19713508 EXP
4 0 1 9 0.19371346 EXP
4 0 1 10 0.08617548 EXP
4 0 1 11 0.07478775 EXP
5 0 1 0 0.5312089 EXP
5 0 1 1 0.5093659 EXP
5 0 1 2 0.5093659 EXP
5 0 1 3 0.026511297 EXP
5 0 1 4 0.023999698 EXP
5 0 1 5 0.022308918 EXP
5 0 1 6 0.02050334 EXP
5 0 1 7 0.018283652 EXP
5 0 1 8 0.01752476 EXP
5 0 1 9 0.01639088 EXP
5 0 1 10 0.0152099505 EXP
5 0 1 11 0.014512867 EXP
5 0 1 12 0.014187751 EXP
6 0 1 0 0.11059589 EXP
6 0 1 1 0.108484395 EXP
6 0 1 2 0.10684408 EXP
6 0 1 3 0.103512846 EXP
6 0 1 4 0.10325321 EXP
6 0 1 5 0.0992966 EXP
6 0 1 6 0.09878745 EXP
6 0 1 7 0.09684557 EXP
6 0 1 8 0.09567063 EXP
6 0 1 9 0.09341414 EXP
6 0 1 10 0.09127305 EXP
6 0 1 11 0.09127305 EXP
6 0 1 12 0.026511297 EXP
7 0 1 0 0.8855572 EXP
7 0 1 1 0.847582 EXP
7 0 1 2 0.81272995 EXP
7 0 1 3 0.81272995 EXP
8 0 1 0 0.5550092 EXP
8 0 1 1 0.5312088 EXP
8 0 1 2 0.50936586 EXP
8 0 1 3 0.50936586 EXP
8 0 1 4 0.16218933 EXP
8 0 1 5 0.14463073 EXP
8 0 1 6 0.13862762 EXP
8 0 1 7 0.12965818 EXP
8 0 1 8 0.120316565 EXP
8 0 1 9 0.114802375 EXP
9 0 1 0 0.8680922 EXP
9 0 1 1 0.85217464 EXP
9 0 1 2 0.8221507 EXP
9 0 1 3 0.8193513 EXP
9 0 1 4 0.79431105 EXP
9 0 1 5 0.56163144 EXP
9 0 1 6 0.5396312 EXP
9 0 1 7 0.5373709 EXP
9 0 1 8 0.51118577 EXP
9 0 1 9 0.09009255 EXP
9 0 1 10 0.08617548 EXP
9 0 1 11 0.07478775 EXP
11 0 1 0 1.4820106 EXP
11 0 1 1 1.299104 EXP
11 0 1 2 1.2473816 EXP
11 0 1 3 0.32437867 EXP
11 0 1 4 0.28926146 EXP
11 0 1 5 0.27725524 EXP
11 0 1 6 0.25931635 EXP
11 0 1 7 0.24063313 EXP
11 0 1 8 0.22960475 EXP
11 0 1 9 0.22446117 EXP
12 0 1 0 0.467416 EXP
12 0 1 1 0.452906 EXP
12 0 1 2 0.44599316 EXP
12 0 1 3 0.4327982 EXP
12 0 1 4 0.42038104 EXP
12 0 1 5 0.42038104 EXP
12 0 1 6 0.38455927 EXP
12 0 1 7 0.11059589 EXP
12 0 1 8 0.108484395 EXP
12 0 1 9 0.10684408 EXP
12 0 1 10 0.103512846 EXP
12 0 1 11 0.09878745 EXP
12 0 1 12 0.026511297 EXP
16 0 1 0 0.09009255 EXP
16 0 1 1 0.08931932 EXP
16 0 1 2 0.086862326 EXP
16 0 1 3 0.08617548 EXP
16 0 1 4 0.085229196 EXP
16 0 1 5 0.08408665 EXP
16 0 1 6 0.0823327 EXP
16 0 1 7 0.08148288 EXP
16 0 1 8 0.079834804 EXP
16 0 1 9 0.07825208 EXP
16 0 1 10 0.07825208 EXP
16 0 1 11 0.07478775 EXP
17 0 1 0 2.3216112 EXP
17 0 1 1 2.2455864 EXP
17 0 1 2 2.2455864 EXP
17 0 1 3 1.3798261 EXP
17 0 1 4 1.3405962 EXP
17 0 1 5 1.3219347 EXP
17 0 1 6 0.91965413 EXP
17 0 1 7 0.59369457 EXP
17 0 1 8 0.47512355 EXP
17 0 1 9 0.09009255 EXP
17 0 1 10 0.08617548 EXP
17 0 1 11 0.07478775 EXP
18 0 1 0 0.45696634 EXP
18 0 1 1 0.43737033 EXP
18 0 1 2 0.41938594 EXP
18 0 1 3 0.41938594 EXP
18 0 1 4 0.026511297 EXP
18 0 1 5 0.023999698 EXP
18 0 1 6 0.022308918 EXP
18 0 1 7 0.02050334 EXP
18 0 1 8 0.018283652 EXP
18 0 1 9 0.01752476 EXP
18 0 1 10 0.01639088 EXP
18 0 1 11 0.0152099505 EXP
18 0 1 12 0.014512867 EXP
19 0 1 0 0.9459225 EXP
19 0 1 1 0.9459225 EXP
19 0 1 2 0.3681194 EXP
19 0 1 3 0.35606045 EXP
19 0 1 4 0.3503225 EXP
19 0 1 5 0.33938405 EXP
19 0 1 6 0.28130606 EXP
20 0 1 0 0.8461297 EXP
20 0 1 1 0.84234434 EXP
20 0 1 2 0.8173041 EXP
20 0 1 3 0.37477583 EXP
20 0 1 4 0.36260518 EXP
20 0 1 5 0.34901154 EXP
20 0 1 6 0.34468397 EXP
20 0 1 7 0.34050515 EXP
20 0 1 8 0.3364066 EXP
20 0 1 9 0.09009255 EXP
20 0 1 10 0.08617548 EXP
20 0 1 11 0.07478775 EXP
21 0 1 0 1.4422674 EXP
21 0 1 1 1.4422674 EXP
21 0 1 2 0.75068295 EXP
21 0 1 3 0.28130606 EXP
21 0 1 4 0.26103854 EXP
21 0 1 5 0.24907494 EXP
21 0 1 6 0.2434952 EXP
22 0 1 0 0.7909156 EXP
22 0 1 1 0.7731976 EXP
22 0 1 2 0.7400407 EXP
22 0 1 3 0.7096107 EXP
22 0 1 4 0.7096107 EXP
22 0 1 5 0.07478775 EXP
22 0 1 6 0.06951895 EXP
22 0 1 7 0.063892424 EXP
22 0 1 8 0.05697543 EXP
22 0 1 9 0.05461058 EXP
22 0 1 10 0.051077187 EXP
22 0 1 11 0.04739718 EXP
23 0 1 0 0.026511297 EXP
23 0 1 1 0.023999698 EXP
23 0 1 2 0.022308918 EXP
23 0 1 3 0.02050334 EXP
23 0 1 4 0.018283652 EXP
23 0 1 5 0.01752476 EXP
23 0 1 6 0.01639088 EXP
23 0 1 7 0.0152099505 EXP
23 0 1 8 0.014512867 EXP
23 0 1 9 0.014187751 EXP
23 0 1 10 0.013579341 EXP
23 0 1 11 0.013020968 EXP
23 0 1 12 0.013020968 EXP
24 0 1 0 0.755649 EXP
24 0 1 1 0.755649 EXP
24 0 1 2 0.19494718 EXP
24 0 1 3 0.1868556 EXP
24 0 1 4 0.17476574 EXP
24 0 1 5 0.16217422 EXP
24 0 1 6 0.15474166 EXP
24 0 1 7 0.15127516 EXP
24 0 1 8 0.14478806 EXP
25 0 1 0 0.36816838 EXP
25 0 1 1 0.3451252 EXP
25 0 1 2 0.33140764 EXP
25 0 1 3 0.32497808 EXP
25 0 1 4 0.31288826 EXP
25 0 1 5 0.30172253 EXP
25 0 1 6 0.30172253 EXP
25 0 1 7 0.09009255 EXP
25 0 1 8 0.08931932 EXP
25 0 1 9 0.08617548 EXP
25 0 1 10 0.085229196 EXP
25 0 1 11 0.07478775 EXP
26 0 1 0 1.2996714 EXP
26 0 1 1 1.2590895 EXP
26 0 1 2 1.2590895 EXP
26 0 1 3 0.86995405 EXP
26 0 1 4 0.81510425 EXP
26 0 1 5 0.79644936 EXP
26 0 1 6 0.7878382 EXP
26 0 1 7 0.76883566 EXP
26 0 1 8 0.76381147 EXP
26 0 1 9 0.75322104 EXP
26 0 1 10 0.49986148 EXP
26 0 1 11 0.22436325 EXP
27 0 1 0 0.6082415 EXP
27 0 1 1 0.5821584 EXP
27 0 1 2 0.5643756 EXP
27 0 1 3 0.5582204 EXP
27 0 1 4 0.21323083 EXP
27 0 1 5 0.20438036 EXP
27 0 1 6 0.19115661 EXP
27 0 1 7 0.17738417 EXP
27 0 1 8 0.16925453 EXP
27 0 1 9 0.026511297 EXP
27 0 1 10 0.023999698 EXP
27 0 1 11 0.022308918 EXP
27 0 1 12 0.02050334 EXP
28 0 1 0 0.6082415 EXP
28 0 1 1 0.5821584 EXP
28 0 1 2 0.5643756 EXP
28 0 1 3 0.5582204 EXP
28 0 1 4 0.21323083 EXP
28 0 1 5 0.20438036 EXP
28 0 1 6 0.19115661 EXP
28 0 1 7 0.17738417 EXP
28 0 1 8 0.16925453 EXP
28 0 1 9 0.026511297 EXP
28 0 1 10 0.023999698 EXP
28 0 1 11 0.022308918 EXP
28 0 1 12 0.02050334 EXP
29 0 1 0 0.534256 EXP
29 0 1 1 0.5175565 EXP
29 0 1 2 0.5096018 EXP
29 0 1 3 0.49442068 EXP
29 0 1 4 0.4862929 EXP
29 0 1 5 0.4801377 EXP
29 0 1 6 0.4549766 EXP
29 0 1 7 0.19465987 EXP
29 0 1 8 0.19231126 EXP
29 0 1 9 0.18054865 EXP
29 0 1 10 0.17934133 EXP
29 0 1 11 0.1735752 EXP
29 0 1 12 0.026511297 EXP
30 0 1 0 0.11059589 EXP
30 0 1 1 0.108484395 EXP
30 0 1 2 0.10684408 EXP
30 0 1 3 0.103512846 EXP
30 0 1 4 0.10325321 EXP
30 0 1 5 0.0992966 EXP
30 0 1 6 0.09878745 EXP
30 0 1 7 0.09742823 EXP
30 0 1 8 0.09684557 EXP
30 0 1 9 0.09567063 EXP
30 0 1 10 0.09341414 EXP
30 0 1 11 0.09127305 EXP
30 0 1 12 0.026511297 EXP
31 0 1 0 0.78576744 EXP
31 0 1 1 0.7688573 EXP
31 0 1 2 0.75769126 EXP
31 0 1 3 0.7364792 EXP
31 0 1 4 0.7166253 EXP
31 0 1 5 0.7166253 EXP
31 0 1 6 0.44319403 EXP
31 0 1 7 0.4249347 EXP
31 0 1 8 0.36540556 EXP
31 0 1 9 0.1801851 EXP
31 0 1 10 0.17235096 EXP
31 0 1 11 0.1495755 EXP
32 0 1 0 0.56919694 EXP
32 0 1 1 0.5447882 EXP
32 0 1 2 0.52854204 EXP
32 0 1 3 0.52238685 EXP
32 0 1 4 0.18269268 EXP
32 0 1 5 0.16291438 EXP
32 0 1 6 0.15615238 EXP
32 0 1 7 0.14604905 EXP
32 0 1 8 0.13552651 EXP
32 0 1 9 0.12931524 EXP
32 0 1 10 0.026511297 EXP
32 0 1 11 0.023999698 EXP
32 0 1 12 0.022308918 EXP
33 0 1 0 3.5559695 EXP
33 0 1 1 3.3213403 EXP
33 0 1 2 2.8110697 EXP
33 0 1 3 1.3040615 EXP
33 0 1 4 0.87538993 EXP
33 0 1 5 0.6417744 EXP
34 0 1 0 0.38332933 EXP
34 0 1 1 0.3705733 EXP
34 0 1 2 0.36451027 EXP
34 0 1 3 0.3529634 EXP
34 0 1 4 0.34212896 EXP
34 0 1 5 0.34212896 EXP
34 0 1 6 0.29769695 EXP
34 0 1 7 0.026511297 EXP
34 0 1 8 0.023999698 EXP
34 0 1 9 0.022308918 EXP
34 0 1 10 0.02050334 EXP
34 0 1 11 0.018283652 EXP
34 0 1 12 0.01752476 EXP
36 0 1 0 0.9131791 EXP
36 0 1 1 0.8869182 EXP
36 0 1 2 0.8776237 EXP
36 0 1 3 0.87435764 EXP
36 0 1 4 0.85029423 EXP
36 0 1 5 0.84918267 EXP
36 0 1 6 0.82754314 EXP
36 0 1 7 0.5884378 EXP
36 0 1 8 0.53719324 EXP
36 0 1 9 0.026511297 EXP
36 0 1 10 0.023999698 EXP
36 0 1 11 0.022308918 EXP
36 0 1 12 0.02050334 EXP
37 0 1 0 0.4427786 EXP
37 0 1 1 0.423791 EXP
37 0 1 2 0.40636498 EXP
37 0 1 3 0.40636498 EXP
38 0 1 0 0.415559 EXP
38 0 1 1 0.41032973 EXP
38 0 1 2 0.40025634 EXP
38 0 1 3 0.39066565 EXP
38 0 1 4 0.39066565 EXP
38 0 1 5 0.3681194 EXP
38 0 1 6 0.28130606 EXP
39 0 1 0 0.9308547 EXP
39 0 1 1 0.9192629 EXP
39 0 1 2 0.896956 EXP
39 0 1 3 0.89666796 EXP
39 0 1 4 0.875744 EXP
39 0 1 5 0.875744 EXP
39 0 1 6 0.8128994 EXP
39 0 1 7 0.52493006 EXP
39 0 1 8 0.4745031 EXP
39 0 1 9 0.28367493 EXP
39 0 1 10 0.24133505 EXP
40 0 1 0 0.636767 EXP
40 0 1 1 0.627973 EXP
40 0 1 2 0.6111039 EXP
40 0 1 3 0.5968193 EXP
40 0 1 4 0.5951291 EXP
40 0 1 5 0.5951291 EXP
40 0 1 6 0.522246 EXP
40 0 1 7 0.2521876 EXP
40 0 1 8 0.19494718 EXP
41 0 1 0 0.13079332 EXP
41 0 1 1 0.12278715 EXP
41 0 1 2 0.122722045 EXP
41 0 1 3 0.11239578 EXP
41 0 1 4 0.10875409 EXP
41 0 1 5 0.10319908 EXP
41 0 1 6 0.097259924 EXP
41 0 1 7 0.093676195 EXP
41 0 1 8 0.09198412 EXP
41 0 1 9 0.091953784 EXP
41 0 1 10 0.08878118 EXP
41 0 1 11 0.08579859 EXP
41 0 1 12 0.053022593 EXP
42 0 1 0 0.7570195 EXP
42 0 1 1 0.72824866 EXP
42 0 1 2 0.7017036 EXP
42 0 1 3 0.7017036 EXP
42 0 1 4 0.36549425 EXP
42 0 1 5 0.36540556 EXP
42 0 1 6 0.3484904 EXP
42 0 1 7 0.33034754 EXP
42 0 1 8 0.31940705 EXP
42 0 1 9 0.1801851 EXP
42 0 1 10 0.17235096 EXP
42 0 1 11 0.1495755 EXP
43 0 1 0 0.33399725 EXP
43 0 1 1 0.3056884 EXP
43 0 1 2 0.3016515 EXP
43 0 1 3 0.28693783 EXP
43 0 1 4 0.27124324 EXP
43 0 1 5 0.26178554 EXP
43 0 1 6 0.25732207 EXP
43 0 1 7 0.24887513 EXP
43 0 1 8 0.24100962 EXP
43 0 1 9 0.24100962 EXP
43 0 1 10 0.17235096 EXP
43 0 1 11 0.1495755 EXP
44 0 1 0 0.8855572 EXP
44 0 1 1 0.847582 EXP
44 0 1 2 0.81272995 EXP
44 0 1 3 0.81272995 EXP
45 0 1 0 0.38332933 EXP
45 0 1 1 0.3705733 EXP
45 0 1 2 0.36451027 EXP
45 0 1 3 0.3529634 EXP
45 0 1 4 0.34212896 EXP
45 0 1 5 0.34212896 EXP
45 0 1 6 0.29769695 EXP
45 0 1 7 0.026511297 EXP
45 0 1 8 0.023999698 EXP
45 0 1 9 0.022308918 EXP
45 0 1 10 0.02050334 EXP
45 0 1 11 0.018283652 EXP
45 0 1 12 0.01752476 EXP
46 0 1 0 0.7171309 EXP
46 0 1 1 0.6965656 EXP
46 0 1 2 0.6867291 EXP
46 0 1 3 0.6751074 EXP
46 0 1 4 0.6678843 EXP
46 0 1 5 0.65006715 EXP
46 0 1 6 0.64391124 EXP
46 0 1 7 0.37477583 EXP
46 0 1 8 0.34468397 EXP
46 0 1 9 0.09009255 EXP
46 0 1 10 0.08617548 EXP
46 0 1 11 0.07478775 EXP
47 0 1 0 0.6577996 EXP
47 0 1 1 0.64543414 EXP
47 0 1 2 0.6353941 EXP
47 0 1 3 0.6353941 EXP
47 0 1 4 0.6327106 EXP
47 0 1 5 0.33399725 EXP
47 0 1 6 0.3056884 EXP
47 0 1 7 0.29575995 EXP
47 0 1 8 0.28066432 EXP
47 0 1 9 0.26458377 EXP
47 0 1 10 0.17235096 EXP
47 0 1 11 0.1495755 EXP
48 0 1 0 0.5626121 EXP
48 0 1 1 0.55257845 EXP
48 0 1 2 0.55257845 EXP
48 0 1 3 0.5220771 EXP
48 0 1 4 0.49814987 EXP
48 0 1 5 0.4869904 EXP
48 0 1 6 0.4661069 EXP
49 0 1 0 1.2415779 EXP
49 0 1 1 1.2001059 EXP
49 0 1 2 1.2001059 EXP
49 0 1 3 0.7803428 EXP
49 0 1 4 0.7566808 EXP
49 0 1 5 0.74542093 EXP
49 0 1 6 0.6907284 EXP
49 0 1 7 0.44586426 EXP
49 0 1 8 0.40786934 EXP
49 0 1 9 0.39449304 EXP
49 0 1 10 0.24133505 EXP
50 0 1 0 0.7348081 EXP
50 0 1 1 0.7147985 EXP
50 0 1 2 0.705221 EXP
50 0 1 3 0.68685865 EXP
50 0 1 4 0.66947955 EXP
50 0 1 5 0.66947955 EXP
50 0 1 6 0.6423768 EXP
50 0 1 7 0.35538438 EXP
50 0 1 8 0.34756735 EXP
50 0 1 9 0.34644705 EXP
50 0 1 10 0.31085402 EXP
50 0 1 11 0.07478775 EXP
51 0 1 0 0.75205475 EXP
51 0 1 1 0.73248076 EXP
51 0 1 2 0.72309524 EXP
51 0 1 3 0.705071 EXP
51 0 1 4 0.68797493 EXP
51 0 1 5 0.68797493 EXP
51 0 1 6 0.65882176 EXP
51 0 1 7 0.37376747 EXP
51 0 1 8 0.3647851 EXP
51 0 1 9 0.3620618 EXP
51 0 1 10 0.32751054 EXP
51 0 1 11 0.07478775 EXP
52 0 1 0 1.1201742 EXP
52 0 1 1 1.0885413 EXP
52 0 1 2 1.0734178 EXP
52 0 1 3 1.044455 EXP
52 0 1 4 1.0170829 EXP
52 0 1 5 1.0170829 EXP
52 0 1 6 0.94012785 EXP
52 0 1 7 0.37376747 EXP
52 0 1 8 0.3647851 EXP
52 0 1 9 0.3620618 EXP
52 0 1 10 0.32751054 EXP
52 0 1 11 0.07478775 EXP
53 0 1 0 0.11059589 EXP
53 0 1 1 0.108484395 EXP
53 0 1 2 0.10684408 EXP
53 0 1 3 0.103512846 EXP
53 0 1 4 0.10325321 EXP
53 0 1 5 0.0992966 EXP
53 0 1 6 0.09878745 EXP
53 0 1 7 0.09684557 EXP
53 0 1 8 0.09567063 EXP
53 0 1 9 0.09341414 EXP
53 0 1 10 0.09127305 EXP
53 0 1 11 0.09127305 EXP
53 0 1 12 0.026511297 EXP
54 0 1 0 0.63304424 EXP
54 0 1 1 0.6142329 EXP
54 0 1 2 0.6052462 EXP
54 0 1 3 0.59685534 EXP
54 0 1 4 0.5880495 EXP
54 0 1 5 0.5718151 EXP
54 0 1 6 0.5570489 EXP
54 0 1 7 0.2854565 EXP
54 0 1 8 0.2594548 EXP
55 0 1 0 1.6685857 EXP
55 0 1 1 1.6136763 EXP
55 0 1 2 1.6136763 EXP
55 0 1 3 0.6665374 EXP
55 0 1 4 0.6528257 EXP
55 0 1 5 0.6517241 EXP
55 0 1 6 0.6490652 EXP
55 0 1 7 0.6461884 EXP
55 0 1 8 0.63494027 EXP
55 0 1 9 0.6191895 EXP
55 0 1 10 0.55218905 EXP
55 0 1 11 0.07478775 EXP
56 0 1 0 0.026511297 EXP
56 0 1 1 0.023999698 EXP
56 0 1 2 0.022308918 EXP
56 0 1 3 0.02050334 EXP
56 0 1 4 0.018283652 EXP
56 0 1 5 0.01752476 EXP
56 0 1 6 0.01639088 EXP
56 0 1 7 0.0152099505 EXP
56 0 1 8 0.014512867 EXP
56 0 1 9 0.014187751 EXP
56 0 1 10 0.013579341 EXP
56 0 1 11 0.013020968 EXP
56 0 1 12 0.013020968 EXP
57 0 1 0 0.09009255 EXP
57 0 1 1 0.08931932 EXP
57 0 1 2 0.086862326 EXP
57 0 1 3 0.08617548 EXP
57 0 1 4 0.085229196 EXP
57 0 1 5 0.08408665 EXP
57 0 1 6 0.0823327 EXP
57 0 1 7 0.08148288 EXP
57 0 1 8 0.079834804 EXP
57 0 1 9 0.07825208 EXP
57 0 1 10 0.07825208 EXP
57 0 1 11 0.07478775 EXP
58 0 1 0 0.7148429 EXP
58 0 1 1 0.68942523 EXP
58 0 1 2 0.6613336 EXP
58 0 1 3 0.6611142 EXP
58 0 1 4 0.6543226 EXP
58 0 1 5 0.64390254 EXP
58 0 1 6 0.6355421 EXP
58 0 1 7 0.61948156 EXP
58 0 1 8 0.6042421 EXP
58 0 1 9 0.15569443 EXP
58 0 1 10 0.15398496 EXP
58 0 1 11 0.1495755 EXP
59 0 1 0 0.38393536 EXP
59 0 1 1 0.37751573 EXP
59 0 1 2 0.37642032 EXP
59 0 1 3 0.37376747 EXP
59 0 1 4 0.37277275 EXP
59 0 1 5 0.3656869 EXP
59 0 1 6 0.3647851 EXP
59 0 1 7 0.3620618 EXP
59 0 1 8 0.35886696 EXP
59 0 1 9 0.35886696 EXP
59 0 1 10 0.32751054 EXP
59 0 1 11 0.07478775 EXP
60 0 1 0 2.0924683 EXP
60 0 1 1 2.0137255 EXP
60 0 1 2 2.0137255 EXP
60 0 1 3 0.5809128 EXP
60 0 1 4 0.5636199 EXP
60 0 1 5 0.5553651 EXP
60 0 1 6 0.49160546 EXP
60 0 1 7 0.22355282 EXP
60 0 1 8 0.20744778 EXP
60 0 1 9 0.206843 EXP
60 0 1 10 0.20163728 EXP
60 0 1 11 0.07478775 EXP
61 0 1 0 0.2854565 EXP
61 0 1 1 0.27574286 EXP
61 0 1 2 0.26774734 EXP
61 0 1 3 0.26492488 EXP
61 0 1 4 0.2594548 EXP
61 0 1 5 0.25817245 EXP
61 0 1 6 0.2549237 EXP
61 0 1 7 0.24866542 EXP
61 0 1 8 0.24270707 EXP
62 0 1 0 0.55973226 EXP
62 0 1 1 0.55228144 EXP
62 0 1 2 0.5489174 EXP
62 0 1 3 0.54610956 EXP
62 0 1 4 0.53116196 EXP
62 0 1 5 0.5240479 EXP
62 0 1 6 0.5104749 EXP
62 0 1 7 0.4977014 EXP
62 0 1 8 0.4977014 EXP
62 0 1 9 0.37376747 EXP
62 0 1 10 0.32751054 EXP
62 0 1 11 0.07478775 EXP
63 0 1 0 0.4427786 EXP
63 0 1 1 0.423791 EXP
63 0 1 2 0.40636498 EXP
63 0 1 3 0.40636498 EXP
65 0 1 0 1.0460427 EXP
65 0 1 1 1.014663 EXP
65 0 1 2 0.98535156 EXP
65 0 1 3 0.98535156 EXP
65 0 1 4 0.6356679 EXP
65 0 1 5 0.61107194 EXP
65 0 1 6 0.60966045 EXP
65 0 1 7 0.6091107 EXP
65 0 1 8 0.60562974 EXP
65 0 1 9 0.6026219 EXP
65 0 1 10 0.586037 EXP
65 0 1 11 0.299151 EXP
66 0 1 0 0.90640146 EXP
66 0 1 1 0.8754737 EXP
66 0 1 2 0.8754737 EXP
66 0 1 3 0.43246698 EXP
66 0 1 4 0.400694 EXP
66 0 1 5 0.40031832 EXP
66 0 1 6 0.3839717 EXP
66 0 1 7 0.36591703 EXP
66 0 1 8 0.3549215 EXP
66 0 1 9 0.34970057 EXP
66 0 1 10 0.25852644 EXP
66 0 1 11 0.22436325 EXP
67 0 1 0 0.6356679 EXP
67 0 1 1 0.61107194 EXP
67 0 1 2 0.60966045 EXP
67 0 1 3 0.6091107 EXP
67 0 1 4 0.60562974 EXP
67 0 1 5 0.6032641 EXP
67 0 1 6 0.6026219 EXP
67 0 1 7 0.59087205 EXP
67 0 1 8 0.586037 EXP
67 0 1 9 0.5789866 EXP
67 0 1 10 0.5789866 EXP
67 0 1 11 0.299151 EXP
69 0 1 0 0.60805357 EXP
69 0 1 1 0.5688174 EXP
69 0 1 2 0.5499977 EXP
69 0 1 3 0.54996973 EXP
69 0 1 4 0.5496971 EXP
69 0 1 5 0.5404818 EXP
69 0 1 6 0.5353066 EXP
69 0 1 7 0.5353066 EXP
69 0 1 8 0.52369237 EXP
69 0 1 9 0.515751 EXP
69 0 1 10 0.24133505 EXP
70 0 1 0 1.2662805 EXP
70 0 1 1 1.0673265 EXP
70 0 1 2 1.0316515 EXP
70 0 1 3 0.60805357 EXP
70 0 1 4 0.5688174 EXP
70 0 1 5 0.5499977 EXP
70 0 1 6 0.54996973 EXP
70 0 1 7 0.5404818 EXP
70 0 1 8 0.52369237 EXP
70 0 1 9 0.515751 EXP
70 0 1 10 0.24133505 EXP
71 0 1 0 0.026511297 EXP
71 0 1 1 0.023999698 EXP
71 0 1 2 0.022308918 EXP
71 0 1 3 0.02050334 EXP
71 0 1 4 0.018283652 EXP
71 0 1 5 0.01752476 EXP
71 0 1 6 0.01639088 EXP
71 0 1 7 0.0152099505 EXP
71 0 1 8 0.014512867 EXP
71 0 1 9 0.014187751 EXP
71 0 1 10 0.013579341 EXP
71 0 1 11 0.013020968 EXP
71 0 1 12 0.013020968 EXP
72 0 1 0 2.1049838 EXP
72 0 1 1 2.1049838 EXP
72 0 1 2 1.6177402 EXP
72 0 1 3 1.550213 EXP
72 0 1 4 1.2008687 EXP
72 0 1 5 0.09009255 EXP
72 0 1 6 0.08931932 EXP
72 0 1 7 0.086862326 EXP
72 0 1 8 0.08617548 EXP
72 0 1 9 0.085229196 EXP
72 0 1 10 0.08408665 EXP
72 0 1 11 0.07478775 EXP
73 0 1 0 1.2200902 EXP
73 0 1 1 0.467416 EXP
73 0 1 2 0.452906 EXP
73 0 1 3 0.44599316 EXP
73 0 1 4 0.4327982 EXP
73 0 1 5 0.42038104 EXP
73 0 1 6 0.38455927 EXP
73 0 1 7 0.11059589 EXP
73 0 1 8 0.108484395 EXP
73 0 1 9 0.10684408 EXP
73 0 1 10 0.103512846 EXP
73 0 1 11 0.09878745 EXP
73 0 1 12 0.026511297 EXP
74 0 1 0 1.5195243 EXP
74 0 1 1 1.5195243 EXP
74 0 1 2 0.9414205 EXP
74 0 1 3 0.4427786 EXP
75 0 1 0 1.4371403 EXP
75 0 1 1 0.68044144 EXP
75 0 1 2 0.6594578 EXP
75 0 1 3 0.64945805 EXP
75 0 1 4 0.6303654 EXP
75 0 1 5 0.61239094 EXP
75 0 1 6 0.6081261 EXP
75 0 1 7 0.3400671 EXP
75 0 1 8 0.3164302 EXP
75 0 1 9 0.07478775 EXP
75 0 1 10 0.06951895 EXP
75 0 1 11 0.063892424 EXP
76 0 1 0 2.0380504 EXP
76 0 1 1 2.0380504 EXP
76 0 1 2 1.4824883 EXP
76 0 1 3 1.4743109 EXP
76 0 1 4 1.060001 EXP
76 0 1 5 0.77709115 EXP
76 0 1 6 0.74721235 EXP
76 0 1 7 0.7394371 EXP
76 0 1 8 0.7124831 EXP
76 0 1 9 0.3679192 EXP
76 0 1 10 0.19018647 EXP
76 0 1 11 0.07478775 EXP
77 0 1 0 1.549762 EXP
77 0 1 1 1.4910021 EXP
77 0 1 2 1.436825 EXP
77 0 1 3 1.436825 EXP
77 0 1 4 0.6752026 EXP
77 0 1 5 0.30779058 EXP
77 0 1 6 0.30154258 EXP
77 0 1 7 0.2958732 EXP
77 0 1 8 0.2896195 EXP
77 0 1 9 0.28367493 EXP
77 0 1 10 0.24133505 EXP
79 0 1 0 1.1978985 EXP
79 0 1 1 1.173815 EXP
79 0 1 2 1.1284993 EXP
79 0 1 3 1.0866189 EXP
79 0 1 4 1.0866189 EXP
79 0 1 5 0.33609715 EXP
79 0 1 6 0.026511297 EXP
79 0 1 7 0.023999698 EXP
79 0 1 8 0.022308918 EXP
79 0 1 9 0.02050334 EXP
79 0 1 10 0.018283652 EXP
79 0 1 11 0.01752476 EXP
79 0 1 12 0.01639088 EXP
80 0 1 0 0.6069495 EXP
80 0 1 1 0.5961044 EXP
80 0 1 2 0.57556254 EXP
80 0 1 3 0.5564185 EXP
80 0 1 4 0.5564185 EXP
80 0 1 5 0.49827138 EXP
80 0 1 6 0.21323083 EXP
80 0 1 7 0.20438036 EXP
80 0 1 8 0.19115661 EXP
80 0 1 9 0.026511297 EXP
80 0 1 10 0.023999698 EXP
80 0 1 11 0.022308918 EXP
80 0 1 12 0.02050334 EXP
81 0 1 0 0.62425363 EXP
81 0 1 1 0.6041919 EXP
81 0 1 2 0.5947255 EXP
81 0 1 3 0.57680964 EXP
81 0 1 4 0.5601211 EXP
81 0 1 5 0.5601211 EXP
81 0 1 6 0.27574286 EXP
81 0 1 7 0.2521876 EXP
81 0 1 8 0.19494718 EXP
82 0 1 0 0.11059589 EXP
82 0 1 1 0.108484395 EXP
82 0 1 2 0.10684408 EXP
82 0 1 3 0.103512846 EXP
82 0 1 4 0.10325321 EXP
82 0 1 5 0.0992966 EXP
82 0 1 6 0.09878745 EXP
82 0 1 7 0.09742823 EXP
82 0 1 8 0.09684557 EXP
82 0 1 9 0.09567063 EXP
82 0 1 10 0.09341414 EXP
82 0 1 11 0.09127305 EXP
82 0 1 12 0.026511297 EXP
83 0 1 0 0.5242615 EXP
83 0 1 1 0.5036258 EXP
83 0 1 2 0.48461705 EXP
83 0 1 3 0.48461705 EXP
83 0 1 4 0.09009255 EXP
83 0 1 5 0.08931932 EXP
83 0 1 6 0.086862326 EXP
83 0 1 7 0.08617548 EXP
83 0 1 8 0.085229196 EXP
83 0 1 9 0.08408665 EXP
83 0 1 10 0.0823327 EXP
83 0 1 11 0.07478775 EXP
84 0 1 0 0.5309282 EXP
84 0 1 1 0.5107112 EXP
84 0 1 2 0.50865424 EXP
84 0 1 3 0.50759834 EXP
84 0 1 4 0.49850675 EXP
84 0 1 5 0.48567092 EXP
84 0 1 6 0.48453805 EXP
84 0 1 7 0.46982038 EXP
84 0 1 8 0.4628249 EXP
84 0 1 9 0.27278522 EXP
84 0 1 10 0.108484395 EXP
84 0 1 11 0.09878745 EXP
84 0 1 12 0.026511297 EXP
85 0 1 0 0.63651836 EXP
85 0 1 1 0.62060857 EXP
85 0 1 2 0.62060857 EXP
85 0 1 3 0.6126941 EXP
85 0 1 4 0.6040432 EXP
85 0 1 5 0.5725226 EXP
85 0 1 6 0.49782658 EXP
85 0 1 7 0.25228187 EXP
85 0 1 8 0.22985992 EXP
85 0 1 9 0.22794694 EXP
85 0 1 10 0.08617548 EXP
85 0 1 11 0.07478775 EXP
86 0 1 0 0.70128274 EXP
86 0 1 1 0.6883244 EXP
86 0 1 2 0.6638279 EXP
86 0 1 3 0.6410545 EXP
86 0 1 4 0.6410545 EXP
86 0 1 5 0.5971357 EXP
86 0 1 6 0.29769695 EXP
86 0 1 7 0.026511297 EXP
86 0 1 8 0.023999698 EXP
86 0 1 9 0.022308918 EXP
86 0 1 10 0.02050334 EXP
86 0 1 11 0.018283652 EXP
86 0 1 12 0.01752476 EXP
87 0 1 0 1.1201742 EXP
87 0 1 1 1.0885413 EXP
87 0 1 2 1.0734178 EXP
87 0 1 3 1.044455 EXP
87 0 1 4 1.0170829 EXP
87 0 1 5 1.0170829 EXP
87 0 1 6 0.94012785 EXP
87 0 1 7 0.37376747 EXP
87 0 1 8 0.3647851 EXP
87 0 1 9 0.3620618 EXP
87 0 1 10 0.32751054 EXP
87 0 1 11 0.07478775 EXP
89 0 1 0 0.4457124 EXP
89 0 1 1 0.433402 EXP
89 0 1 2 0.40095013 EXP
89 0 1 3 0.37554508 EXP
89 0 1 4 0.36043337 EXP
89 0 1 5 0.3533536 EXP
89 0 1 6 0.34004694 EXP
89 0 1 7 0.13109922 EXP
89 0 1 8 0.13079332 EXP
89 0 1 9 0.12436884 EXP
89 0 1 10 0.12278715 EXP
89 0 1 11 0.1217965 EXP
89 0 1 12 0.053022593 EXP
90 0 1 0 0.2998487 EXP
90 0 1 1 0.29408762 EXP
90 0 1 2 0.29128987 EXP
90 0 1 3 0.2906534 EXP
90 0 1 4 0.28585207 EXP
90 0 1 5 0.28367493 EXP
90 0 1 6 0.28061488 EXP
90 0 1 7 0.28061488 EXP
90 0 1 8 0.27955592 EXP
90 0 1 9 0.27274245 EXP
90 0 1 10 0.24133505 EXP
91 0 1 0 0.658216 EXP
91 0 1 1 0.658216 EXP
91 0 1 2 0.6291579 EXP
91 0 1 3 0.6051354 EXP
91 0 1 4 0.5938177 EXP
91 0 1 5 0.5724375 EXP
91 0 1 6 0.5626121 EXP
93 0 1 0 0.026511297 EXP
93 0 1 1 0.023999698 EXP
93 0 1 2 0.022308918 EXP
93 0 1 3 0.02050334 EXP
93 0 1 4 0.018283652 EXP
93 0 1 5 0.01752476 EXP
93 0 1 6 0.01639088 EXP
93 0 1 7 0.0152099505 EXP
93 0 1 8 0.014512867 EXP
93 0 1 9 0.014187751 EXP
93 0 1 10 0.013579341 EXP
93 0 1 11 0.013020968 EXP
93 0 1 12 0.013020968 EXP
94 0 1 0 0.2854565 EXP
94 0 1 1 0.27574286 EXP
94 0 1 2 0.26774734 EXP
94 0 1 3 0.26492488 EXP
94 0 1 4 0.2594548 EXP
94 0 1 5 0.25817245 EXP
94 0 1 6 0.2549237 EXP
94 0 1 7 0.24866542 EXP
94 0 1 8 0.24270707 EXP
95 0 1 0 0.2854565 EXP
95 0 1 1 0.27574286 EXP
95 0 1 2 0.26774734 EXP
95 0 1 3 0.26492488 EXP
95 0 1 4 0.2594548 EXP
95 0 1 5 0.25817245 EXP
95 0 1 6 0.2549237 EXP
95 0 1 7 0.24866542 EXP
95 0 1 8 0.24270707 EXP
96 0 1 0 0.13109922 EXP
96 0 1 1 0.13079332 EXP
96 0 1 2 0.12436884 EXP
96 0 1 3 0.12278715 EXP
96 0 1 4 0.1217965 EXP
96 0 1 5 0.11964409 EXP
96 0 1 6 0.11450655 EXP
96 0 1 7 0.111358434 EXP
96 0 1 8 0.1104492 EXP
96 0 1 9 0.10985838 EXP
96 0 1 10 0.10699348 EXP
96 0 1 11 0.10429402 EXP
96 0 1 12 0.053022593 EXP
98 0 1 0 1.2880514 EXP
98 0 1 1 1.2880514 EXP
98 0 1 2 1.2800915 EXP
98 0 1 3 1.2292819 EXP
98 0 1 4 0.89019644 EXP
98 0 1 5 0.8542103 EXP
98 0 1 6 0.8439182 EXP
100 0 1 0 0.8570136 EXP
100 0 1 1 0.8254529 EXP
100 0 1 2 0.8254529 EXP
100 0 1 3 0.3681194 EXP
100 0 1 4 0.35606045 EXP
100 0 1 5 0.3503225 EXP
100 0 1 6 0.28130606 EXP
101 0 1 0 2.108784 EXP
101 0 1 1 1.3652115 EXP
101 0 1 2 1.3090749 EXP
101 0 1 3 0.8855572 EXP
102 0 1 0 0.6168145 EXP
102 0 1 1 0.6168145 EXP
105 0 1 0 0.5302936 EXP
105 0 1 1 0.5108021 EXP
105 0 1 2 0.50159764 EXP
105 0 1 3 0.4841721 EXP
105 0 1 4 0.46794248 EXP
105 0 1 5 0.46794248 EXP
105 0 1 6 0.4560718 EXP
105 0 1 7 0.19494718 EXP
105 0 1 8 0.1868556 EXP
106 0 1 0 0.026511297 EXP
106 0 1 1 0.023999698 EXP
106 0 1 2 0.022308918 EXP
106 0 1 3 0.02050334 EXP
106 0 1 4 0.018283652 EXP
106 0 1 5 0.01752476 EXP
106 0 1 6 0.01639088 EXP
106 0 1 7 0.0152099505 EXP
106 0 1 8 0.014512867 EXP
106 0 1 9 0.014187751 EXP
106 0 1 10 0.013579341 EXP
106 0 1 11 0.013020968 EXP
106 0 1 12 0.013020968 EXP
107 0 1 0 0.6298355 EXP
107 0 1 1 0.6298355 EXP
107 0 1 2 0.026511297 EXP
107 0 1 3 0.023999698 EXP
107 0 1 4 0.022308918 EXP
107 0 1 5 0.02050334 EXP
107 0 1 6 0.018283652 EXP
107 0 1 7 0.01752476 EXP
107 0 1 8 0.01639088 EXP
107 0 1 9 0.0152099505 EXP
107 0 1 10 0.014512867 EXP
107 0 1 11 0.014187751 EXP
107 0 1 12 0.013579341 EXP
108 0 1 0 0.6168145 EXP
108 0 1 1 0.6168145 EXP
109 0 1 0 0.48983687 EXP
109 0 1 1 0.47268564 EXP
109 0 1 2 0.46689948 EXP
109 0 1 3 0.44230905 EXP
109 0 1 4 0.427427 EXP
109 0 1 5 0.4203866 EXP
109 0 1 6 0.41960278 EXP
109 0 1 7 0.40703282 EXP
109 0 1 8 0.3945625 EXP
109 0 1 9 0.026511297 EXP
109 0 1 10 0.023999698 EXP
109 0 1 11 0.022308918 EXP
109 0 1 12 0.02050334 EXP
110 0 1 0 0.09009255 EXP
110 0 1 1 0.08617548 EXP
110 0 1 2 0.085229196 EXP
110 0 1 3 0.083427764 EXP
110 0 1 4 0.0823327 EXP
110 0 1 5 0.08148288 EXP
110 0 1 6 0.08058885 EXP
110 0 1 7 0.079834804 EXP
110 0 1 8 0.07825208 EXP
110 0 1 9 0.07825208 EXP
110 0 1 10 0.07742718 EXP
110 0 1 11 0.07478775 EXP
111 0 1 0 0.3681194 EXP
111 0 1 1 0.35606045 EXP
111 0 1 2 0.3503225 EXP
111 0 1 3 0.33938405 EXP
111 0 1 4 0.329108 EXP
111 0 1 5 0.329108 EXP
111 0 1 6 0.28130606 EXP
112 0 1 0 2.1203713 EXP
112 0 1 1 2.0395296 EXP
112 0 1 2 2.0395296 EXP
112 0 1 3 1.0772477 EXP
112 0 1 4 0.6645844 EXP
112 0 1 5 0.6462248 EXP
112 0 1 6 0.39411935 EXP
112 0 1 7 0.36147922 EXP
112 0 1 8 0.35012913 EXP
112 0 1 9 0.3499881 EXP
112 0 1 10 0.206843 EXP
112 0 1 11 0.07478775 EXP
113 0 1 0 1.0092785 EXP
113 0 1 1 0.9866687 EXP
113 0 1 2 0.94435763 EXP
113 0 1 3 0.9055263 EXP
113 0 1 4 0.9055263 EXP
113 0 1 5 0.29769695 EXP
113 0 1 6 0.27624848 EXP
113 0 1 7 0.026511297 EXP
113 0 1 8 0.023999698 EXP
113 0 1 9 0.022308918 EXP
113 0 1 10 0.02050334 EXP
113 0 1 11 0.018283652 EXP
113 0 1 12 0.01752476 EXP
114 0 1 0 0.35903168 EXP
114 0 1 1 0.34419316 EXP
114 0 1 2 0.32799646 EXP
114 0 1 3 0.31805363 EXP
114 0 1 4 0.3133139 EXP
114 0 1 5 0.30426174 EXP
114 0 1 6 0.30189168 EXP
114 0 1 7 0.29846004 EXP
114 0 1 8 0.2957365 EXP
114 0 1 9 0.11059589 EXP
114 0 1 10 0.108484395 EXP
114 0 1 11 0.09878745 EXP
114 0 1 12 0.026511297 EXP
115 0 1 0 1.9284682 EXP
115 0 1 1 1.730302 EXP
115 0 1 2 1.6687989 EXP
115 0 1 3 0.74755085 EXP
115 0 1 4 0.7255913 EXP
115 0 1 5 0.7151046 EXP
115 0 1 6 0.676693 EXP
115 0 1 7 0.40982535 EXP
115 0 1 8 0.38125128 EXP
115 0 1 9 0.13109922 EXP
115 0 1 10 0.13079332 EXP
115 0 1 11 0.12278715 EXP
115 0 1 12 0.053022593 EXP
118 0 1 0 0.38332933 EXP
118 0 1 1 0.3705733 EXP
118 0 1 2 0.36451027 EXP
118 0 1 3 0.3529634 EXP
118 0 1 4 0.34212896 EXP
118 0 1 5 0.34212896 EXP
118 0 1 6 0.29769695 EXP
118 0 1 7 0.026511297 EXP
118 0 1 8 0.023999698 EXP
118 0 1 9 0.022308918 EXP
118 0 1 10 0.02050334 EXP
118 0 1 11 0.018283652 EXP
118 0 1 12 0.01752476 EXP
119 0 1 0 0.94437623 EXP
119 0 1 1 0.9079631 EXP
119 0 1 2 0.87430745 EXP
119 0 1 3 0.87430745 EXP
119 0 1 4 0.5302936 EXP
119 0 1 5 0.5108021 EXP
119 0 1 6 0.4560718 EXP
119 0 1 7 0.19494718 EXP
119 0 1 8 0.1868556 EXP
122 0 1 0 0.026511297 EXP
122 0 1 1 0.023999698 EXP
122 0 1 2 0.022308918 EXP
122 0 1 3 0.02050334 EXP
122 0 1 4 0.018283652 EXP
122 0 1 5 0.01752476 EXP
122 0 1 6 0.01639088 EXP
122 0 1 7 0.0152099505 EXP
122 0 1 8 0.014512867 EXP
122 0 1 9 0.014187751 EXP
122 0 1 10 0.013579341 EXP
122 0 1 11 0.013020968 EXP
122 0 1 12 0.013020968 EXP
123 0 1 0 0.5974643 EXP
123 0 1 1 0.574597 EXP
123 0 1 2 0.574597 EXP
123 0 1 3 0.09009255 EXP
123 0 1 4 0.08931932 EXP
123 0 1 5 0.086862326 EXP
123 0 1 6 0.08617548 EXP
123 0 1 7 0.085229196 EXP
123 0 1 8 0.08408665 EXP
123 0 1 9 0.0823327 EXP
123 0 1 10 0.08148288 EXP
123 0 1 11 0.07478775 EXP
124 0 1 0 1.632299 EXP
124 0 1 1 1.5685799 EXP
124 0 1 2 1.5685799 EXP
124 0 1 3 0.6199321 EXP
124 0 1 4 0.20068844 EXP
124 0 1 5 0.1961634 EXP
124 0 1 6 0.19465987 EXP
124 0 1 7 0.19011553 EXP
124 0 1 8 0.18874204 EXP
124 0 1 9 0.18338326 EXP
124 0 1 10 0.17917827 EXP
124 0 1 11 0.1735752 EXP
124 0 1 12 0.026511297 EXP
125 0 1 0 0.38455927 EXP
125 0 1 1 0.36033514 EXP
125 0 1 2 0.3459205 EXP
125 0 1 3 0.33916584 EXP
125 0 1 4 0.3264676 EXP
125 0 1 5 0.3147435 EXP
125 0 1 6 0.3147435 EXP
125 0 1 7 0.11059589 EXP
125 0 1 8 0.108484395 EXP
125 0 1 9 0.10684408 EXP
125 0 1 10 0.103512846 EXP
125 0 1 11 0.09878745 EXP
125 0 1 12 0.026511297 EXP
126 0 1 0 0.33238325 EXP
126 0 1 1 0.30843574 EXP
126 0 1 2 0.29429987 EXP
126 0 1 3 0.287707 EXP
126 0 1 4 0.27536935 EXP
126 0 1 5 0.26404634 EXP
126 0 1 6 0.26404634 EXP
126 0 1 7 0.07478775 EXP
126 0 1 8 0.06951895 EXP
126 0 1 9 0.063892424 EXP
126 0 1 10 0.05697543 EXP
126 0 1 11 0.05461058 EXP
127 0 1 0 1.295584 EXP
127 0 1 1 1.2738938 EXP
127 0 1 2 1.2307508 EXP
127 0 1 3 1.1616714 EXP
127 0 1 4 1.127612 EXP
127 0 1 5 1.1200835 EXP
127 0 1 6 1.1123744 EXP
127 0 1 7 1.1004674 EXP
127 0 1 8 1.0775315 EXP
127 0 1 9 0.40609404 EXP
127 0 1 10 0.08617548 EXP
127 0 1 11 0.07478775 EXP
128 0 1 0 0.9459225 EXP
128 0 1 1 0.9459225 EXP
128 0 1 2 0.28130606 EXP
128 0 1 3 0.26103854 EXP
128 0 1 4 0.24907494 EXP
128 0 1 5 0.2434952 EXP
128 0 1 6 0.23305345 EXP
129 0 1 0 1.0630456 EXP
129 0 1 1 1.0306596 EXP
129 0 1 2 1.0152789 EXP
129 0 1 3 0.98600066 EXP
129 0 1 4 0.9736449 EXP
129 0 1 5 0.95853376 EXP
129 0 1 6 0.95853376 EXP
129 0 1 7 0.69246674 EXP
129 0 1 8 0.6452663 EXP
129 0 1 9 0.49618658 EXP
129 0 1 10 0.15569443 EXP
129 0 1 11 0.1495755 EXP
130 0 1 0 1.2280444 EXP
130 0 1 1 1.1911229 EXP
130 0 1 2 1.1471155 EXP
130 0 1 3 1.1352116 EXP
130 0 1 4 0.80027235 EXP
130 0 1 5 0.48983687 EXP
130 0 1 6 0.47268564 EXP
130 0 1 7 0.46689948 EXP
130 0 1 8 0.44230905 EXP
130 0 1 9 0.026511297 EXP
130 0 1 10 0.023999698 EXP
130 0 1 11 0.022308918 EXP
130 0 1 12 0.02050334 EXP
131 0 1 0 1.2379801 EXP
131 0 1 1 1.1915979 EXP
131 0 1 2 1.1915979 EXP
131 0 1 3 0.76169115 EXP
131 0 1 4 0.74737954 EXP
131 0 1 5 0.66044563 EXP
131 0 1 6 0.40817803 EXP
131 0 1 7 0.39123595 EXP
131 0 1 8 0.36592236 EXP
131 0 1 9 0.026511297 EXP
131 0 1 10 0.023999698 EXP
131 0 1 11 0.022308918 EXP
131 0 1 12 0.02050334 EXP
132 0 1 0 0.37284535 EXP
132 0 1 1 0.3644929 EXP
132 0 1 2 0.3488624 EXP
132 0 1 3 0.33451742 EXP
132 0 1 4 0.33451742 EXP
133 0 1 0 0.38735822 EXP
133 0 1 1 0.37868065 EXP
133 0 1 2 0.36244175 EXP
133 0 1 3 0.34753838 EXP
133 0 1 4 0.34753838 EXP
133 0 1 5 0.026511297 EXP
133 0 1 6 0.023999698 EXP
133 0 1 7 0.022308918 EXP
133 0 1 8 0.02050334 EXP
133 0 1 9 0.018283652 EXP
133 0 1 10 0.01752476 EXP
133 0 1 11 0.01639088 EXP
133 0 1 12 0.0152099505 EXP
134 0 1 0 1.0231795 EXP
134 0 1 1 1.0231795 EXP
134 0 1 2 0.4427786 EXP
134 0 1 3 0.423791 EXP
135 0 1 0 0.026511297 EXP
135 0 1 1 0.023999698 EXP
135 0 1 2 0.022308918 EXP
135 0 1 3 0.02050334 EXP
135 0 1 4 0.018283652 EXP
135 0 1 5 0.01752476 EXP
135 0 1 6 0.01639088 EXP
135 0 1 7 0.0152099505 EXP
135 0 1 8 0.014512867 EXP
135 0 1 9 0.014187751 EXP
135 0 1 10 0.013579341 EXP
135 0 1 11 0.013020968 EXP
135 0 1 12 0.013020968 EXP
136 0 1 0 0.8855572 EXP
136 0 1 1 0.847582 EXP
136 0 1 2 0.81272995 EXP
136 0 1 3 0.81272995 EXP
137 0 1 0 0.6823287 EXP
137 0 1 1 0.6670432 EXP
137 0 1 2 0.6384385 EXP
137 0 1 3 0.6121863 EXP
137 0 1 4 0.6121863 EXP
137 0 1 5 0.38989437 EXP
137 0 1 6 0.3737112 EXP
137 0 1 7 0.34953147 EXP
137 0 1 8 0.32434845 EXP
138 0 1 0 1.1418381 EXP
138 0 1 1 0.38332933 EXP
138 0 1 2 0.3705733 EXP
138 0 1 3 0.36451027 EXP
138 0 1 4 0.3529634 EXP
138 0 1 5 0.34212896 EXP
138 0 1 6 0.29769695 EXP
138 0 1 7 0.026511297 EXP
138 0 1 8 0.023999698 EXP
138 0 1 9 0.022308918 EXP
138 0 1 10 0.02050334 EXP
138 0 1 11 0.018283652 EXP
138 0 1 12 0.01752476 EXP
139 0 1 0 0.8072888 EXP
139 0 1 1 0.7767544 EXP
139 0 1 2 0.74849397 EXP
139 0 1 3 0.74849397 EXP
139 0 1 4 0.38332933 EXP
139 0 1 5 0.3705733 EXP
139 0 1 6 0.29769695 EXP
139 0 1 7 0.026511297 EXP
139 0 1 8 0.023999698 EXP
139 0 1 9 0.022308918 EXP
139 0 1 10 0.02050334 EXP
139 0 1 11 0.018283652 EXP
139 0 1 12 0.01752476 EXP
140 0 1 0 1.8228886 EXP
140 0 1 1 1.0231795 EXP
140 0 1 2 0.4427786 EXP
140 0 1 3 0.423791 EXP
141 0 1 0 0.9513999 EXP
141 0 1 1 0.16218933 EXP
141 0 1 2 0.15642719 EXP
141 0 1 3 0.15169081 EXP
141 0 1 4 0.14463073 EXP
141 0 1 5 0.13862762 EXP
141 0 1 6 0.12965818 EXP
141 0 1 7 0.120316565 EXP
141 0 1 8 0.114802375 EXP
141 0 1 9 0.112230584 EXP
142 0 1 0 1.206074 EXP
142 0 1 1 0.4427786 EXP
142 0 1 2 0.423791 EXP
142 0 1 3 0.40636498 EXP
143 0 1 0 1.3577648 EXP
143 0 1 1 0.5802182 EXP
143 0 1 2 0.55805576 EXP
143 0 1 3 0.5550092 EXP
143 0 1 4 0.16218933 EXP
143 0 1 5 0.14463073 EXP
143 0 1 6 0.13862762 EXP
143 0 1 7 0.12965818 EXP
143 0 1 8 0.120316565 EXP
143 0 1 9 0.114802375 EXP
144 0 1 0 1.4013252 EXP
144 0 1 1 1.3412324 EXP
144 0 1 2 1.2860818 EXP
144 0 1 3 1.2860818 EXP
144 0 1 4 0.527587 EXP
144 0 1 5 0.19494718 EXP
144 0 1 6 0.1868556 EXP
144 0 1 7 0.17476574 EXP
144 0 1 8 0.16217422 EXP
145 0 1 0 0.9633535 EXP
145 0 1 1 0.9227838 EXP
145 0 1 2 0.8855076 EXP
145 0 1 3 0.8855076 EXP
145 0 1 4 0.09878745 EXP
145 0 1 5 0.09411213 EXP
145 0 1 6 0.09182787 EXP
145 0 1 7 0.091229334 EXP
145 0 1 8 0.0868082 EXP
145 0 1 9 0.084395766 EXP
145 0 1 10 0.08204997 EXP
145 0 1 11 0.07916333 EXP
145 0 1 12 0.026511297 EXP
146 0 1 0 0.8855572 EXP
146 0 1 1 0.847582 EXP
146 0 1 2 0.81272995 EXP
146 0 1 3 0.81272995 EXP
147 0 1 0 0.16218933 EXP
147 0 1 1 0.14463073 EXP
147 0 1 2 0.13862762 EXP
147 0 1 3 0.12965818 EXP
147 0 1 4 0.120316565 EXP
147 0 1 5 0.114802375 EXP
147 0 1 6 0.112230584 EXP
147 0 1 7 0.10741782 EXP
147 0 1 8 0.10300088 EXP
147 0 1 9 0.10300088 EXP
148 0 1 0 0.50638723 EXP
148 0 1 1 0.4854135 EXP
148 0 1 2 0.46612164 EXP
148 0 1 3 0.46612164 EXP
148 0 1 4 0.07582848 EXP
148 0 1 5 0.07478775 EXP
148 0 1 6 0.07370457 EXP
148 0 1 7 0.070417315 EXP
148 0 1 8 0.06951895 EXP
148 0 1 9 0.06684002 EXP
148 0 1 10 0.06465046 EXP
148 0 1 11 0.063892424 EXP
150 0 1 0 1.5284959 EXP
150 0 1 1 1.5223408 EXP
150 0 1 2 1.0092785 EXP
150 0 1 3 0.9866687 EXP
150 0 1 4 0.94435763 EXP
150 0 1 5 0.29769695 EXP
150 0 1 6 0.27624848 EXP
150 0 1 7 0.026511297 EXP
150 0 1 8 0.023999698 EXP
150 0 1 9 0.022308918 EXP
150 0 1 10 0.02050334 EXP
150 0 1 11 0.018283652 EXP
150 0 1 12 0.01752476 EXP
151 0 1 0 0.45696634 EXP
151 0 1 1 0.43737033 EXP
151 0 1 2 0.42554113 EXP
151 0 1 3 0.41938594 EXP
151 0 1 4 0.026511297 EXP
151 0 1 5 0.023999698 EXP
151 0 1 6 0.022308918 EXP
151 0 1 7 0.02050334 EXP
151 0 1 8 0.018283652 EXP
151 0 1 9 0.01752476 EXP
151 0 1 10 0.01639088 EXP
151 0 1 11 0.0152099505 EXP
151 0 1 12 0.014512867 EXP
152 0 1 0 1.0985787 EXP
152 0 1 1 1.0626065 EXP
152 0 1 2 1.035264 EXP
152 0 1 3 1.0291089 EXP
152 0 1 4 0.68317807 EXP
152 0 1 5 0.66466093 EXP
152 0 1 6 0.58835036 EXP
152 0 1 7 0.30417827 EXP
152 0 1 8 0.29783955 EXP
152 0 1 9 0.29026723 EXP
152 0 1 10 0.26364398 EXP
152 0 1 11 0.026511297 EXP
152 0 1 12 0.023999698 EXP
153 0 1 0 0.16218933 EXP
153 0 1 1 0.14463073 EXP
153 0 1 2 0.13862762 EXP
153 0 1 3 0.12965818 EXP
153 0 1 4 0.120316565 EXP
153 0 1 5 0.114802375 EXP
153 0 1 6 0.112230584 EXP
153 0 1 7 0.10741782 EXP
153 0 1 8 0.10300088 EXP
153 0 1 9 0.10300088 EXP
154 0 1 0 0.3395779 EXP
154 0 1 1 0.3254832 EXP
154 0 1 2 0.30442393 EXP
154 0 1 3 0.2824908 EXP
154 0 1 4 0.26954404 EXP
154 0 1 5 0.26350576 EXP
154 0 1 6 0.25220588 EXP
154 0 1 7 0.24183534 EXP
154 0 1 8 0.24183534 EXP
154 0 1 9 0.16218933 EXP
155 0 1 0 1.0213776 EXP
155 0 1 1 1.0213776 EXP
155 0 1 2 0.43769497 EXP
155 0 1 3 0.43064147 EXP
155 0 1 4 0.4171951 EXP
155 0 1 5 0.3208872 EXP
157 0 1 0 0.5974643 EXP
157 0 1 1 0.574597 EXP
157 0 1 2 0.574597 EXP
157 0 1 3 0.09009255 EXP
157 0 1 4 0.08931932 EXP
157 0 1 5 0.086862326 EXP
157 0 1 6 0.08617548 EXP
157 0 1 7 0.085229196 EXP
157 0 1 8 0.08408665 EXP
157 0 1 9 0.0823327 EXP
157 0 1 10 0.08148288 EXP
157 0 1 11 0.07478775 EXP
158 0 1 0 0.6168145 EXP
158 0 1 1 0.6168145 EXP
159 0 1 0 0.026511297 EXP
159 0 1 1 0.023999698 EXP
159 0 1 2 0.022308918 EXP
159 0 1 3 0.02050334 EXP
159 0 1 4 0.018283652 EXP
159 0 1 5 0.01752476 EXP
159 0 1 6 0.01639088 EXP
159 0 1 7 0.0152099505 EXP
159 0 1 8 0.014512867 EXP
159 0 1 9 0.014187751 EXP
159 0 1 10 0.013579341 EXP
159 0 1 11 0.013020968 EXP
159 0 1 12 0.013020968 EXP
160 0 1 0 2.6539836 EXP
160 0 1 1 1.099788 EXP
160 0 1 2 1.0545653 EXP
160 0 1 3 0.6082415 EXP
160 0 1 4 0.21323083 EXP
160 0 1 5 0.20438036 EXP
160 0 1 6 0.19115661 EXP
160 0 1 7 0.17738417 EXP
160 0 1 8 0.16925453 EXP
160 0 1 9 0.026511297 EXP
160 0 1 10 0.023999698 EXP
160 0 1 11 0.022308918 EXP
160 0 1 12 0.02050334 EXP
161 0 1 0 1.2701967 EXP
161 0 1 1 1.2561547 EXP
161 0 1 2 1.2311144 EXP
161 0 1 3 0.7705312 EXP
161 0 1 4 0.76647174 EXP
161 0 1 5 0.75946987 EXP
161 0 1 6 0.7519302 EXP
161 0 1 7 0.73171294 EXP
161 0 1 8 0.72205275 EXP
161 0 1 9 0.5275796 EXP
161 0 1 10 0.31085402 EXP
161 0 1 11 0.07478775 EXP
162 0 1 0 1.426624 EXP
162 0 1 1 1.4078454 EXP
162 0 1 2 1.3828051 EXP
162 0 1 3 0.90915877 EXP
162 0 1 4 0.90410066 EXP
162 0 1 5 0.8961299 EXP
162 0 1 6 0.87224674 EXP
162 0 1 7 0.8465153 EXP
162 0 1 8 0.83428335 EXP
162 0 1 9 0.68976897 EXP
162 0 1 10 0.31085402 EXP
162 0 1 11 0.07478775 EXP
163 0 1 0 1.1373389 EXP
163 0 1 1 0.9414205 EXP
163 0 1 2 0.9027099 EXP
163 0 1 3 0.4427786 EXP
164 0 1 0 0.2998487 EXP
164 0 1 1 0.29408762 EXP
164 0 1 2 0.29128987 EXP
164 0 1 3 0.2906534 EXP
164 0 1 4 0.28585207 EXP
164 0 1 5 0.28367493 EXP
164 0 1 6 0.28061488 EXP
164 0 1 7 0.28061488 EXP
164 0 1 8 0.27955592 EXP
164 0 1 9 0.27274245 EXP
164 0 1 10 0.24133505 EXP
165 0 1 0 0.8034816 EXP
165 0 1 1 0.7769598 EXP
165 0 1 2 0.7769598 EXP
165 0 1 3 0.2998487 EXP
165 0 1 4 0.29408762 EXP
165 0 1 5 0.29128987 EXP
165 0 1 6 0.2906534 EXP
165 0 1 7 0.28367493 EXP
165 0 1 8 0.27955592 EXP
165 0 1 9 0.27274245 EXP
165 0 1 10 0.24133505 EXP
166 0 1 0 0.81706095 EXP
166 0 1 1 0.78998077 EXP
166 0 1 2 0.78998077 EXP
166 0 1 3 0.31505865 EXP
166 0 1 4 0.3086005 EXP
166 0 1 5 0.30704427 EXP
166 0 1 6 0.30547762 EXP
166 0 1 7 0.30417827 EXP
166 0 1 8 0.29783955 EXP
166 0 1 9 0.29026723 EXP
166 0 1 10 0.26364398 EXP
166 0 1 11 0.026511297 EXP
166 0 1 12 0.023999698 EXP
167 0 1 0 1.3853198 EXP
167 0 1 1 1.3853198 EXP
167 0 1 2 0.16218933 EXP
167 0 1 3 0.15642719 EXP
167 0 1 4 0.14463073 EXP
167 0 1 5 0.13862762 EXP
167 0 1 6 0.12965818 EXP
167 0 1 7 0.120316565 EXP
167 0 1 8 0.114802375 EXP
167 0 1 9 0.112230584 EXP
168 0 1 0 0.9411441 EXP
168 0 1 1 0.9075408 EXP
168 0 1 2 0.9075408 EXP
168 0 1 3 0.50456375 EXP
168 0 1 4 0.45971984 EXP
168 0 1 5 0.45589387 EXP
168 0 1 6 0.433041 EXP
168 0 1 7 0.40880644 EXP
168 0 1 8 0.39427015 EXP
168 0 1 9 0.3874269 EXP
168 0 1 10 0.17235096 EXP
168 0 1 11 0.1495755 EXP
169 0 1 0 0.8613093 EXP
169 0 1 1 0.8292887 EXP
169 0 1 2 0.8292887 EXP
169 0 1 3 0.4144712 EXP
169 0 1 4 0.37449065 EXP
169 0 1 5 0.36657456 EXP
169 0 1 6 0.34617868 EXP
169 0 1 7 0.3247198 EXP
169 0 1 8 0.31193745 EXP
169 0 1 9 0.30594406 EXP
169 0 1 10 0.08617548 EXP
169 0 1 11 0.07478775 EXP
170 0 1 0 1.2500501 EXP
170 0 1 1 1.1964444 EXP
170 0 1 2 1.1472473 EXP
170 0 1 3 1.1472473 EXP
170 0 1 4 0.37284535 EXP
171 0 1 0 3.5559695 EXP
171 0 1 1 3.3213403 EXP
171 0 1 2 2.8110697 EXP
171 0 1 3 1.3040615 EXP
171 0 1 4 0.87538993 EXP
171 0 1 5 0.6417744 EXP
172 0 1 0 1.152014 EXP
172 0 1 1 1.1129698 EXP
172 0 1 2 1.1129698 EXP
172 0 1 3 0.6343894 EXP
172 0 1 4 0.6137718 EXP
172 0 1 5 0.60398704 EXP
172 0 1 6 0.55084634 EXP
172 0 1 7 0.30402678 EXP
172 0 1 8 0.27625003 EXP
172 0 1 9 0.26656032 EXP
172 0 1 10 0.120667525 EXP
173 0 1 0 0.3395779 EXP
173 0 1 1 0.3254832 EXP
173 0 1 2 0.30442393 EXP
173 0 1 3 0.2824908 EXP
173 0 1 4 0.26954404 EXP
173 0 1 5 0.26350576 EXP
173 0 1 6 0.25220588 EXP
173 0 1 7 0.24183534 EXP
173 0 1 8 0.24183534 EXP
173 0 1 9 0.16218933 EXP
175 0 1 0 0.88875437 EXP
175 0 1 1 0.8524882 EXP
175 0 1 2 0.8191345 EXP
175 0 1 3 0.8191345 EXP
175 0 1 4 0.45517805 EXP
175 0 1 5 0.09009255 EXP
175 0 1 6 0.08931932 EXP
175 0 1 7 0.086862326 EXP
175 0 1 8 0.08617548 EXP
175 0 1 9 0.085229196 EXP
175 0 1 10 0.08408665 EXP
175 0 1 11 0.07478775 EXP
176 0 1 0 1.278088 EXP
176 0 1 1 1.2530477 EXP
176 0 1 2 0.74956733 EXP
176 0 1 3 0.74366343 EXP
176 0 1 4 0.7098249 EXP
176 0 1 5 0.66773224 EXP
176 0 1 6 0.6572985 EXP
176 0 1 7 0.6425189 EXP
176 0 1 8 0.63066006 EXP
176 0 1 9 0.32437867 EXP
179 0 1 0 1.2105353 EXP
179 0 1 1 1.1604702 EXP
179 0 1 2 1.1144525 EXP
179 0 1 3 1.1144525 EXP
179 0 1 4 0.36816838 EXP
179 0 1 5 0.3451252 EXP
179 0 1 6 0.33140764 EXP
179 0 1 7 0.09009255 EXP
179 0 1 8 0.08931932 EXP
179 0 1 9 0.08617548 EXP
179 0 1 10 0.085229196 EXP
179 0 1 11 0.07478775 EXP
181 0 1 0 0.36816838 EXP
181 0 1 1 0.3451252 EXP
181 0 1 2 0.33140764 EXP
181 0 1 3 0.32497808 EXP
181 0 1 4 0.31288826 EXP
181 0 1 5 0.30172253 EXP
181 0 1 6 0.30172253 EXP
181 0 1 7 0.09009255 EXP
181 0 1 8 0.08931932 EXP
181 0 1 9 0.08617548 EXP
181 0 1 10 0.085229196 EXP
181 0 1 11 0.07478775 EXP
182 0 1 0 1.7537918 EXP
182 0 1 1 1.7537918 EXP
182 0 1 2 1.2564929 EXP
182 0 1 3 1.2305834 EXP
182 0 1 4 1.1818969 EXP
182 0 1 5 0.5302936 EXP
182 0 1 6 0.4560718 EXP
182 0 1 7 0.19494718 EXP
182 0 1 8 0.1868556 EXP
184 0 1 0 0.07582848 EXP
184 0 1 1 0.07478775 EXP
184 0 1 2 0.07370457 EXP
184 0 1 3 0.070417315 EXP
184 0 1 4 0.06951895 EXP
184 0 1 5 0.06684002 EXP
184 0 1 6 0.06465046 EXP
184 0 1 7 0.063892424 EXP
184 0 1 8 0.06360862 EXP
184 0 1 9 0.061622497 EXP
184 0 1 10 0.05975666 EXP
184 0 1 11 0.05975666 EXP
185 0 1 0 0.38735822 EXP
185 0 1 1 0.37868065 EXP
185 0 1 2 0.36244175 EXP
185 0 1 3 0.34753838 EXP
185 0 1 4 0.34753838 EXP
185 0 1 5 0.026511297 EXP
185 0 1 6 0.023999698 EXP
185 0 1 7 0.022308918 EXP
185 0 1 8 0.02050334 EXP
185 0 1 9 0.018283652 EXP
185 0 1 10 0.01752476 EXP
185 0 1 11 0.01639088 EXP
185 0 1 12 0.0152099505 EXP
186 0 1 0 0.58773255 EXP
186 0 1 1 0.5677084 EXP
186 0 1 2 0.5582237 EXP
186 0 1 3 0.540216 EXP
186 0 1 4 0.52953714 EXP
186 0 1 5 0.52338195 EXP
186 0 1 6 0.51421744 EXP
186 0 1 7 0.27278522 EXP
186 0 1 8 0.24814358 EXP
186 0 1 9 0.2454717 EXP
186 0 1 10 0.108484395 EXP
186 0 1 11 0.09878745 EXP
186 0 1 12 0.026511297 EXP
187 0 1 0 0.97275174 EXP
187 0 1 1 0.9351218 EXP
187 0 1 2 0.9003494 EXP
187 0 1 3 0.9003494 EXP
187 0 1 4 0.5607135 EXP
187 0 1 5 0.5398278 EXP
187 0 1 6 0.48885354 EXP
187 0 1 7 0.23151448 EXP
187 0 1 8 0.22190511 EXP
187 0 1 9 0.053022593 EXP
187 0 1 10 0.047999397 EXP
187 0 1 11 0.044617835 EXP
187 0 1 12 0.04100668 EXP
188 0 1 0 0.6298355 EXP
188 0 1 1 0.6298355 EXP
188 0 1 2 0.026511297 EXP
188 0 1 3 0.023999698 EXP
188 0 1 4 0.022308918 EXP
188 0 1 5 0.02050334 EXP
188 0 1 6 0.018283652 EXP
188 0 1 7 0.01752476 EXP
188 0 1 8 0.01639088 EXP
188 0 1 9 0.0152099505 EXP
188 0 1 10 0.014512867 EXP
188 0 1 11 0.014187751 EXP
188 0 1 12 0.013579341 EXP
190 0 1 0 0.37284535 EXP
190 0 1 1 0.3644929 EXP
190 0 1 2 0.3488624 EXP
190 0 1 3 0.33451742 EXP
190 0 1 4 0.33451742 EXP
191 0 1 0 0.07582848 EXP
191 0 1 1 0.07478775 EXP
191 0 1 2 0.07370457 EXP
191 0 1 3 0.070417315 EXP
191 0 1 4 0.06951895 EXP
191 0 1 5 0.06684002 EXP
191 0 1 6 0.06465046 EXP
191 0 1 7 0.063892424 EXP
191 0 1 8 0.06360862 EXP
191 0 1 9 0.061622497 EXP
191 0 1 10 0.05975666 EXP
191 0 1 11 0.05975666 EXP
193 0 1 0 0.5974643 EXP
193 0 1 1 0.574597 EXP
193 0 1 2 0.574597 EXP
193 0 1 3 0.09009255 EXP
193 0 1 4 0.08617548 EXP
193 0 1 5 0.085229196 EXP
193 0 1 6 0.083427764 EXP
193 0 1 7 0.0823327 EXP
193 0 1 8 0.08148288 EXP
193 0 1 9 0.08058885 EXP
193 0 1 10 0.07742718 EXP
193 0 1 11 0.07478775 EXP
194 0 1 0 0.6740567 EXP
194 0 1 1 0.64803576 EXP
194 0 1 2 0.64803576 EXP
194 0 1 3 0.16218933 EXP
194 0 1 4 0.14463073 EXP
194 0 1 5 0.13862762 EXP
194 0 1 6 0.12965818 EXP
194 0 1 7 0.120316565 EXP
194 0 1 8 0.114802375 EXP
194 0 1 9 0.112230584 EXP
195 0 1 0 1.69211 EXP
195 0 1 1 1.626513 EXP
195 0 1 2 1.626513 EXP
195 0 1 3 0.7645264 EXP
195 0 1 4 0.7294723 EXP
195 0 1 5 0.7201296 EXP
195 0 1 6 0.6733649 EXP
195 0 1 7 0.64549375 EXP
195 0 1 8 0.6324242 EXP
195 0 1 9 0.16218933 EXP
196 0 1 0 2.2445552 EXP
196 0 1 1 2.0561066 EXP
196 0 1 2 1.9848859 EXP
196 0 1 3 1.1004603 EXP
196 0 1 4 1.0671389 EXP
196 0 1 5 1.0512394 EXP
196 0 1 6 0.9416082 EXP
196 0 1 7 0.39230058 EXP
196 0 1 8 0.36296764 EXP
196 0 1 9 0.11059589 EXP
196 0 1 10 0.108484395 EXP
196 0 1 11 0.09878745 EXP
196 0 1 12 0.026511297 EXP
198 0 1 0 0.3681194 EXP
198 0 1 1 0.35606045 EXP
198 0 1 2 0.3503225 EXP
198 0 1 3 0.33938405 EXP
198 0 1 4 0.329108 EXP
198 0 1 5 0.329108 EXP
198 0 1 6 0.28130606 EXP
199 0 1 0 0.38989437 EXP
199 0 1 1 0.3737112 EXP
199 0 1 2 0.34953147 EXP
199 0 1 3 0.32434845 EXP
199 0 1 4 0.30948332 EXP
199 0 1 5 0.30255032 EXP
199 0 1 6 0.2895761 EXP
199 0 1 7 0.27766892 EXP
199 0 1 8 0.27766892 EXP
200 0 1 0 0.7997091 EXP
201 0 1 0 0.15389529 EXP
201 0 1 1 0.15117863 EXP
201 0 1 2 0.15077129 EXP
201 0 1 3 0.14985594 EXP
201 0 1 4 0.1479366 EXP
201 0 1 5 0.14727882 EXP
201 0 1 6 0.14480975 EXP
201 0 1 7 0.14478883 EXP
201 0 1 8 0.14478883 EXP
201 0 1 9 0.14183746 EXP
201 0 1 10 0.120667525 EXP
202 0 1 0 1.141838 EXP
202 0 1 1 1.141838 EXP
202 0 1 2 1.1290524 EXP
202 0 1 3 1.0806354 EXP
202 0 1 4 0.28130606 EXP
202 0 1 5 0.26103854 EXP
202 0 1 6 0.24907494 EXP
203 0 1 0 0.50638723 EXP
203 0 1 1 0.4854135 EXP
203 0 1 2 0.46612164 EXP
203 0 1 3 0.46612164 EXP
203 0 1 4 0.08617548 EXP
203 0 1 5 0.08171537 EXP
203 0 1 6 0.07582848 EXP
203 0 1 7 0.07478775 EXP
203 0 1 8 0.07370457 EXP
203 0 1 9 0.070417315 EXP
203 0 1 10 0.06684002 EXP
203 0 1 11 0.06465046 EXP
204 0 1 0 0.7931011 EXP
204 0 1 1 0.763175 EXP
204 0 1 2 0.735473 EXP
204 0 1 3 0.735473 EXP
204 0 1 4 0.3681194 EXP
204 0 1 5 0.35606045 EXP
204 0 1 6 0.28130606 EXP
205 0 1 0 0.4663676 EXP
205 0 1 1 0.45585862 EXP
205 0 1 2 0.44532666 EXP
205 0 1 3 0.44532666 EXP
205 0 1 4 0.44247028 EXP
205 0 1 5 0.43670246 EXP
205 0 1 6 0.4353752 EXP
205 0 1 7 0.42889485 EXP
205 0 1 8 0.42340285 EXP
205 0 1 9 0.4177082 EXP
205 0 1 10 0.26364398 EXP
205 0 1 11 0.026511297 EXP
205 0 1 12 0.023999698 EXP
206 0 1 0 1.135537 EXP
206 0 1 1 0.9348246 EXP
206 0 1 2 0.900908 EXP
206 0 1 3 0.43769497 EXP
206 0 1 4 0.43064147 EXP
206 0 1 5 0.3208872 EXP
207 0 1 0 0.1623408 EXP
207 0 1 1 0.16116336 EXP
207 0 1 2 0.15742186 EXP
207 0 1 3 0.15627298 EXP
207 0 1 4 0.15562168 EXP
207 0 1 5 0.1550022 EXP
207 0 1 6 0.15215261 EXP
207 0 1 7 0.14990295 EXP
207 0 1 8 0.14884701 EXP
207 0 1 9 0.14545748 EXP
207 0 1 10 0.14297645 EXP
207 0 1 11 0.026511297 EXP
207 0 1 12 0.023999698 EXP
208 0 1 0 0.38332933 EXP
208 0 1 1 0.3705733 EXP
208 0 1 2 0.36451027 EXP
208 0 1 3 0.3529634 EXP
208 0 1 4 0.34212896 EXP
208 0 1 5 0.34212896 EXP
208 0 1 6 0.29769695 EXP
208 0 1 7 0.026511297 EXP
208 0 1 8 0.023999698 EXP
208 0 1 9 0.022308918 EXP
208 0 1 10 0.02050334 EXP
208 0 1 11 0.018283652 EXP
208 0 1 12 0.01752476 EXP
209 0 1 0 0.5359568 EXP
209 0 1 1 0.5221141 EXP
209 0 1 2 0.5105578 EXP
209 0 1 3 0.5105578 EXP
209 0 1 4 0.5094158 EXP
209 0 1 5 0.5071739 EXP
209 0 1 6 0.5042519 EXP
209 0 1 7 0.5006894 EXP
209 0 1 8 0.49122268 EXP
209 0 1 9 0.48500332 EXP
209 0 1 10 0.32751054 EXP
209 0 1 11 0.07478775 EXP
210 0 1 0 0.6082415 EXP
210 0 1 1 0.5821584 EXP
210 0 1 2 0.5582204 EXP
210 0 1 3 0.5582204 EXP
210 0 1 4 0.21323083 EXP
210 0 1 5 0.20438036 EXP
210 0 1 6 0.19115661 EXP
210 0 1 7 0.17738417 EXP
210 0 1 8 0.16925453 EXP
210 0 1 9 0.026511297 EXP
210 0 1 10 0.023999698 EXP
210 0 1 11 0.022308918 EXP
210 0 1 12 0.02050334 EXP
211 0 1 0 0.4427786 EXP
211 0 1 1 0.423791 EXP
211 0 1 2 0.40636498 EXP
211 0 1 3 0.40636498 EXP
212 0 1 0 1.625162 EXP
212 0 1 1 0.8570136 EXP
212 0 1 2 0.8254529 EXP
212 0 1 3 0.3681194 EXP
212 0 1 4 0.35606045 EXP
212 0 1 5 0.3503225 EXP
212 0 1 6 0.28130606 EXP
213 0 1 0 1.1288171 EXP
213 0 1 1 0.3681194 EXP
213 0 1 2 0.35606045 EXP
213 0 1 3 0.3503225 EXP
213 0 1 4 0.33938405 EXP
213 0 1 5 0.329108 EXP
213 0 1 6 0.28130606 EXP
214 0 1 0 0.25226364 EXP
214 0 1 1 0.24097595 EXP
214 0 1 2 0.22602762 EXP
214 0 1 3 0.21086445 EXP
214 0 1 4 0.20155317 EXP
214 0 1 5 0.19552554 EXP
214 0 1 6 0.18824589 EXP
214 0 1 7 0.17938703 EXP
214 0 1 8 0.17807537 EXP
214 0 1 9 0.07067174 EXP
214 0 1 10 0.064992756 EXP
214 0 1 11 0.06091371 EXP
215 0 1 0 0.1801851 EXP
215 0 1 1 0.17863864 EXP
215 0 1 2 0.17372465 EXP
215 0 1 3 0.17235096 EXP
215 0 1 4 0.17045839 EXP
215 0 1 5 0.1681733 EXP
215 0 1 6 0.1646654 EXP
215 0 1 7 0.16296576 EXP
215 0 1 8 0.15966961 EXP
215 0 1 9 0.15650415 EXP
215 0 1 10 0.15650415 EXP
215 0 1 11 0.1495755 EXP
216 0 1 0 0.45696634 EXP
216 0 1 1 0.43737033 EXP
216 0 1 2 0.41938594 EXP
216 0 1 3 0.41938594 EXP
216 0 1 4 0.026511297 EXP
216 0 1 5 0.023999698 EXP
216 0 1 6 0.022308918 EXP
216 0 1 7 0.02050334 EXP
216 0 1 8 0.018283652 EXP
216 0 1 9 0.01752476 EXP
216 0 1 10 0.01639088 EXP
216 0 1 11 0.0152099505 EXP
216 0 1 12 0.014512867 EXP
217 0 1 0 0.6482542 EXP
217 0 1 1 0.6287458 EXP
217 0 1 2 0.61943394 EXP
217 0 1 3 0.60987633 EXP
217 0 1 4 0.60162884 EXP
217 0 1 5 0.58483607 EXP
217 0 1 6 0.5734398 EXP
217 0 1 7 0.30298126 EXP
217 0 1 8 0.27773845 EXP
217 0 1 9 0.026511297 EXP
217 0 1 10 0.023999698 EXP
217 0 1 11 0.022308918 EXP
217 0 1 12 0.02050334 EXP
218 0 1 0 0.2854565 EXP
218 0 1 1 0.27574286 EXP
218 0 1 2 0.26774734 EXP
218 0 1 3 0.26492488 EXP
218 0 1 4 0.2594548 EXP
218 0 1 5 0.25817245 EXP
218 0 1 6 0.2549237 EXP
218 0 1 7 0.24866542 EXP
218 0 1 8 0.24270707 EXP
219 0 1 0 0.87588894 EXP
219 0 1 1 0.8599069 EXP
219 0 1 2 0.82970375 EXP
219 0 1 3 0.80163413 EXP
219 0 1 4 0.80163413 EXP
219 0 1 5 0.51904607 EXP
219 0 1 6 0.4385857 EXP
219 0 1 7 0.16302389 EXP
219 0 1 8 0.16105768 EXP
219 0 1 9 0.15569443 EXP
219 0 1 10 0.15398496 EXP
219 0 1 11 0.1495755 EXP
220 0 1 0 1.2461542 EXP
220 0 1 1 1.2054938 EXP
220 0 1 2 1.2054938 EXP
220 0 1 3 0.7801915 EXP
220 0 1 4 0.76124954 EXP
220 0 1 5 0.75235695 EXP
220 0 1 6 0.7332662 EXP
220 0 1 7 0.7106148 EXP
220 0 1 8 0.6998871 EXP
220 0 1 9 0.6176722 EXP
220 0 1 10 0.3970295 EXP
220 0 1 11 0.1495755 EXP
221 0 1 0 1.239305 EXP
221 0 1 1 1.1924094 EXP
221 0 1 2 1.1924094 EXP
221 0 1 3 0.70010066 EXP
221 0 1 4 0.33399725 EXP
221 0 1 5 0.3056884 EXP
221 0 1 6 0.3016515 EXP
221 0 1 7 0.28693783 EXP
221 0 1 8 0.27124324 EXP
221 0 1 9 0.26178554 EXP
221 0 1 10 0.15569443 EXP
221 0 1 11 0.1495755 EXP
222 0 1 0 0.20068844 EXP
222 0 1 1 0.19465987 EXP
222 0 1 2 0.18874204 EXP
222 0 1 3 0.1843803 EXP
222 0 1 4 0.17756857 EXP
222 0 1 5 0.1735752 EXP
222 0 1 6 0.17229927 EXP
222 0 1 7 0.17017485 EXP
222 0 1 8 0.1700643 EXP
222 0 1 9 0.16608931 EXP
222 0 1 10 0.16220683 EXP
222 0 1 11 0.16220683 EXP
222 0 1 12 0.026511297 EXP
223 0 1 0 0.27027765 EXP
223 0 1 1 0.25852644 EXP
223 0 1 2 0.2556876 EXP
223 0 1 3 0.2502833 EXP
223 0 1 4 0.24176654 EXP
223 0 1 5 0.23324011 EXP
223 0 1 6 0.23228154 EXP
223 0 1 7 0.23049131 EXP
223 0 1 8 0.22518514 EXP
223 0 1 9 0.22436325 EXP
223 0 1 10 0.22011964 EXP
223 0 1 11 0.22011964 EXP
224 0 1 0 0.5242615 EXP
224 0 1 1 0.5036258 EXP
224 0 1 2 0.48461705 EXP
224 0 1 3 0.48461705 EXP
224 0 1 4 0.09009255 EXP
224 0 1 5 0.08931932 EXP
224 0 1 6 0.086862326 EXP
224 0 1 7 0.08617548 EXP
224 0 1 8 0.085229196 EXP
224 0 1 9 0.08408665 EXP
224 0 1 10 0.0823327 EXP
224 0 1 11 0.07478775 EXP
225 0 1 0 0.99476564 EXP
225 0 1 1 0.972481 EXP
225 0 1 2 0.93077826 EXP
225 0 1 3 0.8925053 EXP
225 0 1 4 0.8925053 EXP
225 0 1 5 0.28130606 EXP
225 0 1 6 0.26103854 EXP
